9	194	17	12	7	12	12	12	13	12	12	11	8	8	9	11	17	12	12	14			
		Random_03	Random_01	Random_03	Random_05	Random_06	Random_07	Random_08	Random_20	Random_21	Random_22	Random_23	Random_25	Random_27	Random_28	Random_29	Random_30	Random_31	Random_32			
FIELD_NUMBER	PLOT	Ob03_1	Ob03_2	Ob10_1	Ob10_2	Ob04_1	Ob04_2	Ob16_1	Ob16_2	Ob12_1	Ob12_2	Ob22_1	Ob22_2	Ob06_1	Ob06_2	Ob07_1	Ob07_2	Ob23_1	Ob23_2	UTM1	UTM2	TISSUE_TYPE
07-0198	Random_01	94	108	150	158	137	137	138	138	0	0	167	199	191	191	173	173	225	225	643994	38493	Leaf
07-0199	Random_01	108	108	154	154	137	141	128	128	227	231	175	201	191	195	177	181	225	225	643987	38484	Leaf
07-0200	Random_01	108	110	152	154	137	137	130	138	231	233	175	199	191	191	173	177	225	225	644000	38495	Leaf
07-0201	Random_01	94	104	152	154	137	137	130	138	233	243	163	167	191	193	177	177	225	238	644000	38492	Leaf
07-0202	Random_01	100	108	154	156	137	137	128	138	231	231	193	193	191	191	171	173	225	225	644003	38494	Leaf
07-0203	Random_01	98	108	156	160	137	139	130	130	231	231	175	197	191	193	171	181	225	225	644001	38497	Leaf
07-0204	Random_01	108	108	154	158	137	137	128	130	227	231	199	199	191	191	171	171	225	238	644000	38492	Leaf
07-0205	Random_01	100	108	148	152	137	137	128	130	231	231	165	201	191	191	171	171	225	225	644014	38494	Leaf
07-0206	Random_01	106	108	154	156	137	137	130	130	227	231	197	201	191	191	171	177	225	225	644008	38480	Leaf
07-0207	Random_01	108	108	148	148	137	137	130	138	227	231	167	201	191	191	177	181	225	238	644020	38481	Leaf
07-0208	Random_01	108	108	148	154	137	137	130	130	0	0	175	201	191	191	171	177	225	225	644005	38480	Leaf
07-0209	Random_01	108	108	148	154	137	137	128	128	231	231	175	199	191	195	177	181	225	225	644012	38493	Leaf
07-0001	Random_03	108	108	150	154	137	139	128	130	231	243	199	201	191	195	173	181	225	225	643982	38622	Leaf
07-0004	Random_03	108	108	156	160	137	141	130	130	231	243	195	199	191	191	171	173	225	225	643976	38617	Leaf
07-0005	Random_03	94	108	148	154	137	139	130	130	231	243	197	199	191	191	171	171	225	225	643975	38620	Leaf
07-0006	Random_03	94	110	156	156	139	139	130	130	223	231	197	199	185	191	171	177	225	225	643980	38626	Leaf
07-0007	Random_03	100	108	156	156	137	137	130	130	231	231	167	199	191	191	173	181	225	238	643981	38627	Leaf
07-0008	Random_03	100	104	148	156	137	137	128	138	231	231	167	199	191	193	171	179	225	236	643977	38621	Leaf
07-0010	Random_03	108	108	148	156	137	137	130	130	231	231	175	203	191	191	171	177	225	238	643974	38622	Leaf
07-0018	Random_05	98	108	150	154	137	139	128	130	220	231	201	201	191	191	171	175	225	238	644030	38728	Leaf
07-0020	Random_05	108	108	150	154	137	139	128	130	227	231	201	201	191	191	171	171	225	238	644029	38736	Leaf
07-0021	Random_05	98	104	154	156	137	137	130	130	231	231	167	201	185	191	173	173	225	225	644030	38729	Leaf
07-0023	Random_05	108	112	154	154	137	139	128	130	231	231	203	205	191	193	171	171	225	238	644035	38732	Leaf
07-0025	Random_05	108	108	148	154	137	137	130	130	0	0	167	203	191	191	171	181	225	238	644035	38741	Leaf
07-0026	Random_05	98	108	148	156	129	137	128	130	231	231	167	205	191	191	171	179	225	238	644037	38738	Leaf
07-0027	Random_05	108	110	154	154	137	141	130	130	231	235	165	199	191	193	165	177	225	238	644042	38727	Leaf
07-0028	Random_05	98	104	154	160	137	141	130	130	231	243	165	167	185	191	171	173	225	238	644038	38729	Leaf
07-0029	Random_05	108	110	150	154	141	143	130	138	231	231	165	199	191	191	171	177	225	225	644041	38736	Leaf
07-0030	Random_05	98	106	150	158	139	139	128	130	231	243	165	167	185	191	171	171	225	225	644040	38735	Leaf
07-0031	Random_05	108	108	154	156	139	141	128	130	231	231	175	199	185	193	173	177	225	225	644034	38736	Leaf
07-0037	Random_05	94	108	148	156	137	143	128	130	227	231	165	199	185	191	171	179	236	236	644023	38734	Leaf
07-0043	Random_06	100	100	156	156	137	137	130	130	231	231	167	199	191	193	171	171	238	238	643888	38729	Leaf
07-0044	Random_06	108	110	150	154	137	139	128	130	231	243	197	199	191	193	171	173	225	225	643885	38728	Leaf
07-0045	Random_06	106	110	154	154	137	141	128	130	231	231	0	0	191	191	171	177	225	225	643881	38738	Leaf
07-0046	Random_06	98	104	148	154	139	141	128	130	231	242	199	205	191	191	173	173	225	236	643887	38731	Leaf
07-0047	Random_06	98	100	154	160	137	139	128	130	231	242	193	205	185	193	165	173	225	236	643889	38738	Leaf
07-0048	Random_06	106	108	154	158	137	141	130	138	231	231	165	199	191	193	175	177	225	225	643883	38739	Leaf
07-0049	Random_06	98	108	156	160	141	143	130	130	231	231	165	175	185	193	173	177	225	225	643890	38733	Leaf
07-0050	Random_06	98	104	154	160	137	137	128	138	231	231	199	205	185	191	173	173	225	225	643894	38729	Leaf
07-0051	Random_06	108	108	148	152	137	137	130	138	231	231	167	199	191	193	177	177	225	225	643898	38731	Leaf
07-0052	Random_06	94	108	148	156	137	137	130	130	231	233	175	199	191	191	177	177	225	238	643896	38728	Leaf
07-0053	Random_06	94	108	156	158	137	137	130	130	231	242	167	167	185	191	171	171	225	238	643898	38727	Leaf
07-0054	Random_06	106	108	150	154	137	139	128	130	231	231	199	201	191	193	177	181	225	225	643886	38727	Leaf
07-0055	Random_07	94	108	148	148	129	141	130	130	231	231	165	199	185	191	175	177	225	236	644049	38790	Leaf
07-0056	Random_07	108	108	0	0	137	139	128	130	231	231	0	0	191	193	171	171	225	225	644042	38778	Leaf
07-0057	Random_07	94	108	148	156	129	141	130	130	231	231	165	199	185	185	179	181	225	236	644048	38790	Leaf
07-0058	Random_07	106	110	154	156	137	139	128	130	231	231	165	199	185	193	165	171	225	225	644040	38780	Leaf
07-0060	Random_07	110	112	156	156	137	137	0	0	227	231	165	199	185	193	171	177	225	238	644047	38781	Leaf
07-0061	Random_07	106	112	148	150	139	141	130	130	231	231	165	203	185	191	173	177	225	225	644047	38783	Leaf
07-0062	Random_07	108	108	154	154	129	137	128	138	0	0	167	167	191	191	171	177	225	225	644043	38783	Leaf
07-0064	Random_07	94	108	148	156	141	143	128	130	231	231	165	199	191	193	177	179	225	236	644044	38785	Leaf
07-0065	Random_07	100	108	154	156	137	137	130	130	231	243	197	199	191	191	177	179	225	238	644054	38787	Leaf
07-0068	Random_07	94	108	154	160	137	141	130	138	231	245	165	175	191	193	171	173	225	225	644048	38786	Leaf
07-0069	Random_07	94	108	148	152	129	137	130	130	0	0	165	165	191	193	0	0	225	236	644046	38784	Leaf
07-0073	Random_07	106	108	154	156	129	141	128	130	231	231	0	0	185	191	179	181	225	236	644044	38780	Leaf
07-0085	Random_08	0	0	0	0	0	0	0	0	0	0	0	0	0	0	0	0	0	0	644133	38807	Leaf
07-0086	Random_08	106	108	154	156	137	137	128	130	231	231	197	197	193	193	173	177	225	225	644133	38806	Leaf
07-0088	Random_08	98	108	148	154	137	137	128	138	231	231	197	199	191	193	177	181	225	225	644134	38802	Leaf
07-0089	Random_08	108	108	154	158	137	141	128	130	231	231	199	205	191	191	177	181	225	225	644135	38802	Leaf
07-0091	Random_08	94	94	148	158	137	137	130	130	231	231	199	199	0	0	171	171	225	238	644146	38804	Leaf
07-0092	Random_08	104	108	154	156	137	139	128	130	231	231	167	197	191	193	177	181	225	225	644138	38801	Leaf
07-0093	Random_08	108	108	154	154	137	141	128	130	231	231	167	197	193	193	173	177	225	238	644139	38805	Leaf
07-0094	Random_08	106	108	154	156	137	137	128	128	231	231	199	205	185	191	177	181	225	225	644139	38803	Leaf
07-0095	Random_08	98	98	150	156	137	137	130	138	231	231	167	201	191	193	173	179	225	225	644141	38816	Leaf
07-0099	Random_08	108	108	148	154	0	0	128	138	231	238	167	197	193	193	177	181	225	238	644128	38801	Leaf
07-0100	Random_08	106	108	154	156	137	139	128	130	231	243	197	203	185	193	173	173	225	225	644135	38805	Leaf
07-0102	Random_08	98	106	154	156	137	141	130	138	231	231	203	205	191	191	171	179	225	240	644132	38800	Leaf
07-0103	Random_08	108	108	148	154	137	137	128	138	231	243	197	197	193	193	177	181	225	225	644134	38801	Leaf
07-0109	Random_20	100	106	150	154	137	137	130	130	233	242	165	197	191	191	177	177	225	238	644220	38897	Leaf
07-0110	Random_20	100	112	148	154	137	139	130	138	231	231	0	0	193	193	171	171	225	225	644239	38897	Leaf
07-0111	Random_20	108	108	148	154	137	137	130	138	231	231	199	201	191	193	173	177	225	225	644226	38900	Leaf
07-0112	Random_20	94	98	148	154	137	137	130	130	243	243	167	167	185	191	173	177	225	236	644227	38897	Leaf
07-0113	Random_20	0	0	148	154	137	141	130	138	243	243	165	199	185	191	177	179	0	0	644234	38905	Leaf
07-0114	Random_20	94	100	154	156	137	139	128	130	231	231	165	165	191	193	171	177	225	225	644229	38906	Leaf
07-0115	Random_20	94	108	154	156	137	137	128	130	227	231	167	199	191	191	177	179	225	225	644219	38901	Leaf
07-0116	Random_20	94	94	154	156	137	141	128	130	231	243	167	167	185	191	171	177	225	236	644222	38902	Leaf
07-0117	Random_20	106	106	148	158	137	139	130	138	231	233	199	199	191	193	171	173	225	225	644210	38909	Leaf
07-0118	Random_20	106	108	154	158	137	137	128	130	231	231	167	167	185	191	173	181	225	225	644207	38897	Leaf
07-0119	Random_20	106	108	148	158	137	139	128	138	227	233	199	199	191	191	171	177	225	225	644216	38909	Leaf
07-0121	Random_20	108	108	154	160	137	137	130	138	231	231	199	205	191	193	171	177	238	238	644222	38905	Leaf
07-0122	Random_21	104	108	152	154	137	139	128	130	231	231	167	199	185	191	171	177	225	240	644183	38917	Leaf
07-0124	Random_21	106	108	148	156	139	139	128	130	231	231	167	197	191	191	177	179	225	225	644190	38915	Leaf
07-0125	Random_21	94	108	154	160	137	139	128	130	231	243	167	199	191	191	171	177	225	236	644181	38918	Leaf
07-0126	Random_21	98	108	148	148	137	139	130	138	231	231	167	199	191	191	177	179	225	225	644181	38918	Leaf
07-0127	Random_21	106	108	148	156	137	139	130	130	231	231	167	175	185	193	177	179	225	225	644178	38915	Leaf
07-0128	Random_21	108	108	154	158	137	137	130	138	231	233	165	199	191	191	173	177	225	236	644193	38917	Leaf
07-0129	Random_21	104	108	152	154	137	139	128	130	231	231	167	199	185	191	171	177	225	236	644192	38915	Leaf
07-0130	Random_21	106	108	148	156	137	141	130	130	231	231	175	195	193	193	177	181	225	242	644187	38902	Leaf
07-0131	Random_21	104	104	152	154	137	137	130	138	231	243	167	195	185	191	173	177	225	240	644179	38910	Leaf
07-0132	Random_21	104	106	154	154	129	141	130	138	0	0	167	201	191	191	165	177	225	238	644183	38909	Leaf
07-0133	Random_21	108	108	154	154	137	137	128	130	0	0	197	199	191	193	173	177	225	225	644186	38908	Leaf
07-0134	Random_21	108	112	148	152	137	137	128	130	231	231	167	199	191	193	171	177	225	236	644176	38908	Leaf
07-0138	Random_22	94	108	156	158	137	137	128	130	229	229	201	205	191	191	165	177	225	225	644044	38943	Leaf
07-0139	Random_22	108	108	150	150	137	137	128	128	231	242	193	199	191	191	181	181	225	236	644065	38959	Leaf
07-0140	Random_22	106	108	154	156	137	137	128	130	231	231	205	205	191	191	171	181	225	225	644065	38959	Leaf
07-0141	Random_22	108	110	154	158	137	141	128	130	231	231	199	199	191	193	173	173	225	238	644065	38959	Leaf
07-0143	Random_22	94	106	148	158	137	141	130	130	231	231	197	205	191	191	173	177	225	225	644067	38954	Leaf
07-0145	Random_22	98	108	154	154	137	139	128	130	0	0	199	201	191	191	0	0	225	225	644067	38954	Leaf
07-0147	Random_22	94	108	150	156	139	139	130	130	231	231	167	195	185	193	0	0	225	236	644050	38949	Leaf
07-0151	Random_22	108	108	0	0	0	0	128	130	0	0	165	165	185	188	0	0	225	225	644052	38954	Leaf
07-0155	Random_22	0	0	148	158	137	139	130	130	231	243	199	199	191	191	0	0	225	240	644054	38958	Leaf
07-0159	Random_22	100	108	148	152	139	141	138	138	0	0	165	165	185	191	0	0	225	225	644051	38957	Leaf
07-0160	Random_22	98	108	150	154	0	0	130	130	231	233	195	205	191	191	173	177	238	238	644060	38952	Leaf
07-0166	Random_23	108	108	148	156	137	137	128	130	227	243	167	203	185	191	171	173	225	238	644283	38854	Leaf
07-0167	Random_23	100	108	148	154	139	139	130	130	0	0	199	201	191	193	171	179	225	236	644291	38849	Leaf
07-0168	Random_23	94	106	148	156	137	137	128	138	0	0	175	203	185	195	171	173	225	238	644282	38854	Leaf
07-0169	Random_23	94	108	0	0	137	141	128	130	0	0	0	0	191	193	171	177	225	225	644286	38852	Leaf
07-0172	Random_23	100	108	148	154	137	137	128	130	231	231	167	199	185	191	171	181	225	225	644291	38854	Leaf
07-0173	Random_23	0	0	148	154	0	0	130	138	0	0	0	0	0	0	171	171	225	225	644295	38852	Leaf
07-0174	Random_23	100	106	152	154	137	137	130	138	231	231	195	197	191	191	165	171	225	240	644301	38851	Leaf
07-0177	Random_23	0	0	0	0	0	0	0	0	0	0	0	0	0	0	0	0	0	0	644291	38849	Leaf
07-0186	Random_25	110	110	148	148	137	141	130	130	231	231	167	167	191	191	0	0	225	225	643822	38879	Leaf
07-0188	Random_25	108	110	150	154	137	141	0	0	0	0	167	197	193	193	177	177	225	225	643811	38891	Leaf
07-0189	Random_25	100	104	154	156	139	141	130	130	233	233	199	199	191	191	173	173	225	225	643811	38891	Leaf
07-0190	Random_25	0	0	148	160	137	139	0	0	231	231	0	0	191	191	177	177	225	225	643811	38891	Leaf
07-0191	Random_25	0	0	148	154	0	0	124	130	233	243	193	199	191	191	171	181	225	225	643827	38890	Leaf
07-0192	Random_25	106	108	0	0	139	139	128	128	0	0	0	0	191	193	0	0	0	0	643827	38890	Leaf
07-0193	Random_25	94	108	154	156	0	0	130	130	231	238	167	167	191	193	177	177	225	238	643827	38890	Leaf
07-0195	Random_25	108	110	148	154	0	0	130	130	231	238	175	205	185	193	0	0	221	225	643827	38890	Leaf
07-0218	Random_27	0	0	148	156	0	0	130	130	0	0	165	199	0	0	171	177	225	225	643888	38895	Leaf
07-0219	Random_27	98	106	154	158	0	0	0	0	0	0	165	165	185	191	179	179	0	0	643888	38895	Leaf
07-0223	Random_27	108	108	0	0	137	137	128	128	0	0	199	199	193	193	171	179	0	0	643888	38895	Leaf
07-0227	Random_27	94	108	154	160	137	141	130	138	0	0	165	199	193	193	177	177	0	0	643888	38895	Leaf
07-0230	Random_27	94	108	148	158	137	137	128	130	231	231	199	205	193	193	165	179	225	238	643884	38896	Leaf
07-0233	Random_27	94	104	148	152	137	137	0	0	0	0	199	203	193	193	177	177	0	0	643884	38896	Leaf
07-0235	Random_27	108	108	148	148	0	0	128	128	0	0	199	199	193	193	0	0	225	225	643884	38896	Leaf
07-0240	Random_27	108	108	148	148	137	137	130	130	231	231	167	199	185	193	177	177	225	236	643900	38889	Leaf
07-0242	Random_27	0	0	0	0	0	0	0	0	0	0	0	0	0	0	0	0	0	0	643900	38889	Leaf
07-0244	Random_28	104	108	154	154	137	137	128	130	243	243	199	199	191	191	177	177	238	238	644121	38842	Leaf
07-0245	Random_28	98	110	148	154	137	137	130	130	0	0	167	167	191	191	173	177	225	225	644125	38844	Leaf
07-0247	Random_28	94	108	152	158	137	137	130	130	231	231	175	199	191	191	171	177	225	225	644115	38843	Leaf
07-0250	Random_28	108	110	0	0	137	137	130	130	231	231	0	0	0	0	181	181	225	225	644130	38843	Leaf
07-0251	Random_28	98	106	154	154	137	137	130	130	231	231	167	201	185	191	173	181	225	225	644133	38852	Leaf
07-0253	Random_28	0	0	148	154	137	137	130	138	0	0	167	199	185	191	173	173	225	225	644121	38846	Leaf
07-0255	Random_28	104	108	156	160	137	137	130	138	0	0	0	0	191	191	171	173	225	225	644116	38844	Leaf
07-0257	Random_28	108	110	152	158	137	137	130	130	231	231	0	0	191	191	173	173	225	236	644136	38842	Leaf
07-0260	Random_28	94	110	150	158	137	137	130	130	0	0	175	199	0	0	171	171	225	225	644116	38844	Leaf
07-0261	Random_28	98	98	160	160	137	137	128	138	231	243	0	0	0	0	179	181	225	225	644116	38844	Leaf
07-0263	Random_28	104	108	0	0	137	137	130	138	0	0	167	167	0	0	173	177	225	225	644116	38844	Leaf
07-0267	Random_29	104	106	148	156	137	137	130	130	231	231	201	201	191	193	0	0	0	0	644048	38633	Leaf
07-0268	Random_29	106	112	0	0	137	137	130	130	0	0	0	0	191	191	171	171	0	0	644051	38629	Leaf
07-0269	Random_29	100	108	0	0	137	141	130	138	231	231	165	199	191	191	177	177	225	238	644056	38621	Leaf
07-0270	Random_29	0	0	0	0	0	0	0	0	0	0	0	0	0	0	0	0	0	0	644051	38629	Leaf
07-0271	Random_29	0	0	0	0	0	0	0	0	0	0	0	0	0	0	0	0	0	0	644051	38622	Leaf
07-0272	Random_29	94	98	158	158	137	137	130	138	231	235	167	175	191	193	0	0	225	225	644048	38628	Leaf
07-0273	Random_29	98	108	148	154	137	137	130	138	231	235	175	205	191	193	165	177	225	225	644048	38628	Leaf
07-0274	Random_29	98	108	0	0	141	141	130	138	231	231	167	197	191	191	171	173	238	238	644052	38627	Leaf
07-0275	Random_29	108	108	160	160	141	143	130	130	0	0	197	197	191	191	171	171	242	242	644048	38628	Leaf
07-0276	Random_29	100	112	152	154	137	137	130	130	231	231	167	197	185	191	171	177	238	240	644063	38635	Leaf
07-0277	Random_29	94	110	152	154	0	0	130	138	231	231	165	199	0	0	173	173	225	225	644048	38622	Leaf
07-0278	Random_29	94	110	148	158	137	137	130	130	0	0	167	201	191	191	0	0	225	225	644063	38635	Leaf
07-0279	Random_29	94	106	0	0	137	137	130	130	0	0	0	0	191	191	173	173	0	0	644051	38632	Leaf
07-0280	Random_29	0	0	148	160	137	139	130	130	231	231	165	199	191	193	171	173	225	225	644051	38632	Leaf
07-0281	Random_29	106	108	152	154	137	141	130	130	0	0	0	0	191	191	171	171	225	225	644057	38630	Leaf
07-0283	Random_29	94	100	148	150	137	137	128	138	0	0	199	199	191	191	173	179	225	225	644065	38628	Leaf
07-0284	Random_29	0	0	148	148	137	139	0	0	0	0	0	0	191	191	0	0	225	225	644059	38638	Leaf
07-0285	Random_30	104	108	148	156	137	137	130	138	0	0	199	199	191	191	173	181	225	225	644005	38459	Leaf
07-0287	Random_30	106	108	154	154	137	137	128	128	231	231	201	205	191	191	177	181	225	225	644005	38459	Leaf
07-0289	Random_30	106	108	148	148	137	137	0	0	0	0	0	0	185	191	177	181	0	0	644012	38456	Leaf
07-0292	Random_30	108	108	154	154	137	139	128	128	231	231	199	201	191	191	171	177	225	225	644008	38457	Leaf
07-0293	Random_30	106	108	154	154	137	139	0	0	0	0	199	201	191	191	0	0	0	0	644008	38457	Leaf
07-0296	Random_30	108	108	154	158	137	139	128	128	227	231	163	163	191	191	171	177	225	225	644020	38462	Leaf
07-0297	Random_30	98	108	0	0	0	0	130	130	0	0	0	0	191	191	0	0	0	0	644020	38462	Leaf
07-0299	Random_30	108	110	0	0	0	0	128	130	227	231	165	201	191	191	171	171	225	225	644015	38463	Leaf
07-0301	Random_30	104	108	0	0	137	137	130	138	231	231	199	199	185	191	171	181	0	0	644007	38466	Leaf
07-0303	Random_30	98	108	0	0	137	137	0	0	227	231	201	201	191	193	171	171	225	225	644001	38467	Leaf
07-0304	Random_30	108	108	148	154	137	141	128	130	231	231	201	205	191	195	177	181	225	225	644001	38467	Leaf
07-0307	Random_30	108	110	148	148	137	137	130	130	231	231	0	0	191	191	0	0	225	225	644005	38463	Leaf
07-0310	Random_31	100	108	148	154	137	137	128	130	231	235	165	199	0	0	173	179	225	238	644060	38418	Leaf
07-0312	Random_31	108	108	156	156	0	0	130	130	0	0	199	199	185	191	0	0	0	0	644062	38407	Leaf
07-0313	Random_31	106	108	154	156	137	137	128	130	231	231	0	0	191	193	177	181	225	225	644063	38407	Leaf
07-0317	Random_31	0	0	0	0	0	0	0	0	0	0	0	0	0	0	0	0	0	0	644063	38407	Leaf
07-0318	Random_31	108	108	148	148	137	137	0	0	231	231	199	205	0	0	0	0	225	238	644063	38407	Leaf
07-0319	Random_31	98	108	148	152	0	0	138	149	231	243	195	199	191	191	171	179	225	240	644063	38407	Leaf
07-0320	Random_31	108	108	156	158	139	141	128	130	231	231	199	201	191	191	173	179	225	225	644063	38407	Leaf
07-0321	Random_31	106	110	154	156	137	141	130	130	0	0	175	195	0	0	0	0	225	225	644063	38407	Leaf
07-0322	Random_31	94	100	148	154	137	141	130	130	233	245	163	201	191	193	171	181	225	238	644063	38407	Leaf
07-0323	Random_31	106	108	148	148	0	0	130	130	0	0	167	167	191	191	177	177	225	238	644063	38407	Leaf
07-0325	Random_31	0	0	152	154	141	141	130	130	231	231	165	165	185	191	177	177	0	0	644063	38407	Leaf
07-0326	Random_31	108	110	0	0	137	141	0	0	0	0	165	199	193	193	171	177	0	0	644063	38407	Leaf
07-0331	Random_32	100	108	154	156	137	137	130	130	231	231	0	0	0	0	0	0	0	0	644006	38923	Leaf
07-0333	Random_32	94	110	154	156	137	141	130	130	231	231	165	175	191	193	177	177	225	225	644006	38923	Leaf
07-0334	Random_32	108	108	148	156	137	137	130	145	231	231	165	205	191	191	0	0	225	240	644001	38921	Leaf
07-0335	Random_32	94	108	152	158	137	139	130	130	0	0	199	205	191	191	171	177	225	238	644012	38923	Leaf
07-0336	Random_32	108	108	150	154	137	139	130	130	0	0	199	199	191	193	173	177	225	225	644001	38921	Leaf
07-0337	Random_32	106	108	152	156	0	0	138	138	231	245	165	175	185	191	175	177	225	225	644012	38923	Leaf
07-0338	Random_32	108	108	156	156	137	137	130	130	0	0	197	199	191	191	0	0	0	0	644002	38925	Leaf
07-0339	Random_32	94	108	148	148	137	137	0	0	0	0	0	0	185	185	173	173	0	0	644006	38930	Leaf
07-0340	Random_32	94	94	150	152	137	139	130	138	231	243	167	199	191	193	171	181	225	225	644002	38925	Leaf
07-0341	Random_32	94	110	152	154	137	137	130	130	231	231	167	199	191	193	171	177	225	225	644000	38922	Leaf
07-0343	Random_32	108	110	0	0	141	141	130	130	231	231	0	0	191	193	177	177	225	225	643993	38920	Leaf
07-0345	Random_32	108	110	154	154	137	141	130	130	229	231	201	205	193	193	173	179	225	225	644007	38927	Leaf
07-0346	Random_32	104	108	154	154	137	137	138	138	0	0	165	165	185	185	0	0	225	225	644007	38927	Leaf
07-0348	Random_32	108	110	148	152	141	143	130	138	231	231	165	199	191	191	177	177	225	225	644007	38927	Leaf
