9	194	17	12	7	12	12	12	13	12	12	11	8	8	9	11	17	12	12	14	
			Random_01	Random_03	Random_05	Random_06	Random_07	Random_08	Random_20	Random_21	Random_22	Random_23	Random_25	Random_27	Random_28	Random_29	Random_30	Random_31	Random_32	
FIELD_NUMBER	PLOT	Ob03_1	Ob10_1	Ob04_1	Ob16_1	Ob12_1	Ob22_1	Ob06_1	Ob07_1	Ob23_1	UTM1	UTM2
07-0198	Random_01	NA	NA	137	138	NA	199	191	173	225	643994	38493
07-0199	Random_01	108	154	137	128	NA	201	191	181	225	643987	38484
07-0200	Random_01	110	152	137	NA	231	199	191	173	225	644000	38495
07-0201	Random_01	NA	NA	137	NA	NA	NA	NA	177	NA	644000	38492
07-0202	Random_01	NA	NA	137	NA	231	193	191	NA	225	644003	38494
07-0203	Random_01	NA	NA	NA	130	231	NA	NA	NA	225	644001	38497
07-0204	Random_01	108	NA	137	NA	NA	199	191	171	NA	644000	38492
07-0205	Random_01	108	148	137	128	231	NA	191	171	225	644014	38494
07-0206	Random_01	108	154	137	130	NA	201	191	171	225	644008	38480
07-0207	Random_01	108	148	137	130	231	201	191	181	225	644020	38481
07-0208	Random_01	108	NA	137	130	NA	201	191	171	225	644005	38480
07-0209	Random_01	108	NA	137	128	231	199	191	181	225	644012	38493
07-0001	Random_03	108	NA	NA	128	NA	199	191	NA	225	643982	38622
07-0004	Random_03	108	156	137	130	NA	199	191	171	225	643976	38617
07-0005	Random_03	108	148	137	130	NA	199	191	171	225	643975	38620
07-0006	Random_03	110	156	139	130	231	199	NA	NA	225	643980	38626
07-0007	Random_03	108	156	137	130	231	199	191	181	225	643981	38627
07-0008	Random_03	100	156	137	138	231	167	191	171	225	643977	38621
07-0010	Random_03	108	NA	137	130	231	175	191	171	225	643974	38622
07-0018	Random_05	NA	NA	NA	130	231	201	191	171	NA	644030	38728
07-0020	Random_05	108	NA	NA	130	231	201	191	171	NA	644029	38736
07-0021	Random_05	NA	154	137	130	231	167	191	173	225	644030	38729
07-0023	Random_05	108	154	NA	130	231	203	NA	171	NA	644035	38732
07-0025	Random_05	108	154	137	130	NA	203	191	171	NA	644035	38741
07-0026	Random_05	108	156	NA	NA	231	NA	191	171	NA	644037	38738
07-0027	Random_05	108	154	137	130	231	NA	NA	NA	225	644042	38727
07-0028	Random_05	98	160	137	130	231	165	185	171	NA	644038	38729
07-0029	Random_05	110	150	143	NA	231	165	191	171	225	644041	38736
07-0030	Random_05	98	150	139	130	231	165	185	171	225	644040	38735
07-0031	Random_05	108	156	139	NA	231	199	185	177	225	644034	38736
07-0037	Random_05	94	NA	143	130	231	165	185	179	236	644023	38734
07-0043	Random_06	100	156	137	130	231	167	191	171	238	643888	38729
07-0044	Random_06	110	150	NA	130	231	197	193	171	225	643885	38728
07-0045	Random_06	110	154	NA	130	231	NA	191	177	225	643881	38738
07-0046	Random_06	NA	NA	NA	NA	NA	NA	191	173	NA	643887	38731
07-0047	Random_06	98	154	NA	128	231	193	185	173	NA	643889	38738
07-0048	Random_06	106	158	137	NA	231	165	NA	175	225	643883	38739
07-0049	Random_06	108	160	141	130	231	165	NA	NA	225	643890	38733
07-0050	Random_06	98	154	137	128	231	199	NA	173	225	643894	38729
07-0051	Random_06	108	NA	137	NA	231	NA	NA	177	225	643898	38731
07-0052	Random_06	NA	148	137	130	231	199	191	177	NA	643896	38728
07-0053	Random_06	NA	158	137	130	231	167	191	171	NA	643898	38727
07-0054	Random_06	NA	NA	NA	NA	231	NA	NA	NA	225	643886	38727
07-0055	Random_07	94	148	129	130	231	165	185	175	NA	644049	38790
07-0056	Random_07	108	NA	NA	130	231	NA	191	171	225	644042	38778
07-0057	Random_07	NA	NA	129	130	231	165	185	181	NA	644048	38790
07-0058	Random_07	110	156	NA	128	231	199	185	171	225	644040	38780
07-0060	Random_07	110	156	137	NA	231	199	185	171	225	644047	38781
07-0061	Random_07	106	150	141	130	231	203	191	173	225	644047	38783
07-0062	Random_07	108	154	NA	128	NA	167	191	171	225	644043	38783
07-0064	Random_07	94	NA	143	130	231	165	193	179	225	644044	38785
07-0065	Random_07	NA	156	137	130	NA	197	191	NA	238	644054	38787
07-0068	Random_07	108	160	141	NA	231	165	191	173	225	644048	38786
07-0069	Random_07	94	148	129	130	NA	165	193	NA	225	644046	38784
07-0073	Random_07	106	156	129	130	231	NA	185	179	225	644044	38780
07-0085	Random_08	NA	NA	NA	NA	NA	NA	NA	NA	NA	644133	38807
07-0086	Random_08	108	154	137	128	231	197	193	173	225	644133	38806
07-0088	Random_08	108	154	137	128	231	199	NA	181	225	644134	38802
07-0089	Random_08	108	154	NA	128	231	205	191	181	225	644135	38802
07-0091	Random_08	94	NA	137	130	231	199	NA	171	NA	644146	38804
07-0092	Random_08	108	154	137	128	231	197	NA	181	225	644138	38801
07-0093	Random_08	108	154	NA	128	231	197	193	173	225	644139	38805
07-0094	Random_08	108	154	137	128	231	205	191	181	225	644139	38803
07-0095	Random_08	98	156	137	NA	231	201	191	173	225	644141	38816
07-0099	Random_08	108	NA	NA	128	231	NA	193	181	225	644128	38801
07-0100	Random_08	108	154	137	128	231	197	193	173	225	644135	38805
07-0102	Random_08	98	154	137	NA	231	205	191	179	225	644132	38800
07-0103	Random_08	108	154	137	128	231	197	193	181	225	644134	38801
07-0109	Random_20	106	150	137	130	242	165	191	177	225	644220	38897
07-0110	Random_20	NA	NA	139	NA	231	NA	193	171	225	644239	38897
07-0111	Random_20	108	154	137	130	231	199	191	NA	225	644226	38900
07-0112	Random_20	NA	NA	137	130	243	167	NA	NA	NA	644227	38897
07-0113	Random_20	NA	154	NA	NA	243	199	191	177	NA	644234	38905
07-0114	Random_20	94	NA	137	128	231	165	191	177	225	644229	38906
07-0115	Random_20	NA	NA	137	NA	231	199	191	179	225	644219	38901
07-0116	Random_20	94	154	NA	130	NA	167	NA	177	NA	644222	38902
07-0117	Random_20	106	148	NA	130	NA	199	NA	173	225	644210	38909
07-0118	Random_20	106	158	137	NA	231	167	NA	173	225	644207	38897
07-0119	Random_20	106	148	NA	128	233	199	191	177	225	644216	38909
07-0121	Random_20	108	154	137	NA	231	205	NA	177	238	644222	38905
07-0122	Random_21	108	154	139	NA	231	199	191	171	240	644183	38917
07-0124	Random_21	106	156	139	NA	231	167	191	179	225	644190	38915
07-0125	Random_21	108	154	139	NA	NA	199	191	171	236	644181	38918
07-0126	Random_21	108	148	137	NA	231	167	191	177	225	644181	38918
07-0127	Random_21	108	148	137	130	231	167	193	177	225	644178	38915
07-0128	Random_21	108	154	137	NA	NA	NA	191	NA	NA	644193	38917
07-0129	Random_21	108	154	139	NA	231	199	191	171	236	644192	38915
07-0130	Random_21	106	156	137	130	231	175	193	177	225	644187	38902
07-0131	Random_21	104	154	137	130	NA	167	191	NA	225	644179	38910
07-0132	Random_21	104	154	141	130	NA	167	191	177	NA	644183	38909
07-0133	Random_21	108	154	137	130	NA	199	191	NA	225	644186	38908
07-0134	Random_21	112	148	137	130	231	167	193	NA	225	644176	38908
07-0138	Random_22	108	156	137	130	229	201	191	165	225	644044	38943
07-0139	Random_22	108	150	137	128	NA	NA	191	181	NA	644065	38959
07-0140	Random_22	NA	NA	137	NA	231	205	191	NA	225	644065	38959
07-0141	Random_22	108	154	137	NA	231	199	191	173	225	644065	38959
07-0143	Random_22	NA	NA	NA	130	231	NA	191	NA	225	644067	38954
07-0145	Random_22	108	154	NA	NA	NA	NA	191	NA	225	644067	38954
07-0147	Random_22	94	156	139	130	231	167	185	NA	225	644050	38949
07-0151	Random_22	108	NA	NA	128	NA	165	185	NA	225	644052	38954
07-0155	Random_22	NA	NA	NA	130	231	199	191	NA	225	644054	38958
07-0159	Random_22	NA	152	NA	138	NA	165	185	NA	225	644051	38957
07-0160	Random_22	NA	154	NA	130	231	205	191	177	238	644060	38952
07-0166	Random_23	108	NA	137	NA	243	203	185	173	NA	644283	38854
07-0167	Random_23	108	154	139	130	NA	199	191	171	236	644291	38849
07-0168	Random_23	106	NA	137	128	NA	203	NA	173	NA	644282	38854
07-0169	Random_23	94	NA	137	NA	NA	NA	191	177	225	644286	38852
07-0172	Random_23	100	NA	137	130	231	167	185	171	225	644291	38854
07-0173	Random_23	NA	154	NA	130	NA	NA	NA	171	225	644295	38852
07-0174	Random_23	106	154	137	130	231	197	191	NA	225	644301	38851
07-0177	Random_23	NA	NA	NA	NA	NA	NA	NA	NA	NA	644291	38849
07-0186	Random_25	110	148	NA	130	231	167	191	NA	225	643822	38879
07-0188	Random_25	NA	154	NA	NA	NA	167	193	177	225	643811	38891
07-0189	Random_25	100	156	139	130	233	199	191	173	225	643811	38891
07-0190	Random_25	NA	148	137	NA	231	NA	191	177	225	643811	38891
07-0191	Random_25	NA	148	NA	130	243	199	191	171	225	643827	38890
07-0192	Random_25	106	NA	139	128	NA	NA	NA	NA	NA	643827	38890
07-0193	Random_25	108	156	NA	130	231	167	193	177	225	643827	38890
07-0195	Random_25	NA	NA	NA	130	231	205	193	NA	225	643827	38890
07-0218	Random_27	NA	148	NA	130	NA	165	NA	171	225	643888	38895
07-0219	Random_27	NA	158	NA	NA	NA	165	191	179	NA	643888	38895
07-0223	Random_27	108	NA	137	128	NA	199	193	179	NA	643888	38895
07-0227	Random_27	NA	154	137	NA	NA	199	193	177	NA	643888	38895
07-0230	Random_27	108	148	137	NA	231	199	193	179	225	643884	38896
07-0233	Random_27	104	148	137	NA	NA	203	193	177	NA	643884	38896
07-0235	Random_27	108	148	NA	128	NA	199	193	NA	225	643884	38896
07-0240	Random_27	108	148	137	130	231	199	193	177	NA	643900	38889
07-0242	Random_27	NA	NA	NA	NA	NA	NA	NA	NA	NA	643900	38889
07-0244	Random_28	NA	154	137	130	243	199	191	177	238	644121	38842
07-0245	Random_28	98	154	137	130	NA	167	191	173	225	644125	38844
07-0247	Random_28	94	NA	137	130	231	175	191	177	225	644115	38843
07-0250	Random_28	110	NA	137	130	231	NA	NA	181	225	644130	38843
07-0251	Random_28	98	154	137	130	231	167	191	173	225	644133	38852
07-0253	Random_28	NA	154	137	NA	NA	167	191	173	225	644121	38846
07-0255	Random_28	104	160	137	NA	NA	NA	191	173	225	644116	38844
07-0257	Random_28	110	158	137	130	231	NA	191	173	225	644136	38842
07-0260	Random_28	94	158	137	130	NA	199	NA	171	225	644116	38844
07-0261	Random_28	98	160	137	138	NA	NA	NA	179	225	644116	38844
07-0263	Random_28	104	NA	137	NA	NA	167	NA	173	225	644116	38844
07-0267	Random_29	106	148	137	130	231	201	191	NA	NA	644048	38633
07-0268	Random_29	112	NA	137	130	NA	NA	191	171	NA	644051	38629
07-0269	Random_29	NA	NA	137	130	231	165	191	177	238	644056	38621
07-0270	Random_29	NA	NA	NA	NA	NA	NA	NA	NA	NA	644051	38629
07-0271	Random_29	NA	NA	NA	NA	NA	NA	NA	NA	NA	644051	38622
07-0272	Random_29	98	158	137	NA	231	167	NA	NA	225	644048	38628
07-0273	Random_29	98	NA	137	130	NA	175	NA	165	225	644048	38628
07-0274	Random_29	98	NA	141	138	231	197	191	173	238	644052	38627
07-0275	Random_29	108	160	141	130	NA	197	191	171	242	644048	38628
07-0276	Random_29	112	154	137	130	231	167	191	171	238	644063	38635
07-0277	Random_29	110	152	NA	NA	231	199	NA	173	225	644048	38622
07-0278	Random_29	110	148	137	130	NA	201	191	NA	225	644063	38635
07-0279	Random_29	106	NA	137	130	NA	NA	191	173	NA	644051	38632
07-0280	Random_29	NA	148	137	130	231	199	191	NA	225	644051	38632
07-0281	Random_29	106	152	137	130	NA	NA	191	171	225	644057	38630
07-0283	Random_29	94	150	137	138	NA	199	191	173	225	644065	38628
07-0284	Random_29	NA	148	137	NA	NA	NA	191	NA	225	644059	38638
07-0285	Random_30	108	148	137	130	NA	199	191	181	225	644005	38459
07-0287	Random_30	108	154	137	128	231	201	191	181	225	644005	38459
07-0289	Random_30	108	148	137	NA	NA	NA	191	181	NA	644012	38456
07-0292	Random_30	108	154	137	128	231	NA	191	171	225	644008	38457
07-0293	Random_30	108	154	137	NA	NA	NA	191	NA	NA	644008	38457
07-0296	Random_30	108	154	137	128	227	163	191	171	225	644020	38462
07-0297	Random_30	108	NA	NA	130	NA	NA	191	NA	NA	644020	38462
07-0299	Random_30	108	NA	NA	NA	NA	201	191	171	225	644015	38463
07-0301	Random_30	108	NA	137	130	231	199	191	NA	NA	644007	38466
07-0303	Random_30	108	NA	137	NA	NA	201	191	171	225	644001	38467
07-0304	Random_30	108	NA	137	NA	231	201	191	181	225	644001	38467
07-0307	Random_30	108	148	137	130	231	NA	191	NA	225	644005	38463
07-0310	Random_31	NA	148	137	NA	231	199	NA	179	225	644060	38418
07-0312	Random_31	108	156	NA	130	NA	199	185	NA	NA	644062	38407
07-0313	Random_31	108	154	137	NA	231	NA	191	181	225	644063	38407
07-0317	Random_31	NA	NA	NA	NA	NA	NA	NA	NA	NA	644063	38407
07-0318	Random_31	108	148	137	NA	231	199	NA	NA	225	644063	38407
07-0319	Random_31	108	NA	NA	138	231	199	191	171	225	644063	38407
07-0320	Random_31	108	158	141	130	231	199	191	173	225	644063	38407
07-0321	Random_31	110	154	141	130	NA	195	NA	NA	225	644063	38407
07-0322	Random_31	94	154	NA	130	NA	201	NA	181	225	644063	38407
07-0323	Random_31	NA	148	NA	130	NA	167	191	177	225	644063	38407
07-0325	Random_31	NA	154	141	130	231	165	191	177	NA	644063	38407
07-0326	Random_31	108	NA	137	NA	NA	165	193	177	NA	644063	38407
07-0331	Random_32	108	NA	137	130	231	NA	NA	NA	NA	644006	38923
07-0333	Random_32	110	154	141	130	231	165	191	177	225	644006	38923
07-0334	Random_32	108	148	137	130	231	205	191	NA	225	644001	38921
07-0335	Random_32	94	NA	137	130	NA	205	191	177	225	644012	38923
07-0336	Random_32	108	154	NA	130	NA	199	191	173	225	644001	38921
07-0337	Random_32	108	156	NA	138	231	175	191	177	225	644012	38923
07-0338	Random_32	108	156	137	130	NA	197	191	NA	NA	644002	38925
07-0339	Random_32	108	148	137	NA	NA	NA	185	173	NA	644006	38930
07-0340	Random_32	94	152	NA	138	231	199	191	NA	225	644002	38925
07-0341	Random_32	110	154	137	130	231	167	NA	177	225	644000	38922
07-0343	Random_32	NA	NA	141	130	231	NA	NA	177	225	643993	38920
07-0345	Random_32	108	154	137	130	231	201	193	173	225	644007	38927
07-0346	Random_32	108	154	137	138	NA	165	185	NA	225	644007	38927
07-0348	Random_32	108	152	143	NA	231	199	191	177	225	644007	38927
